n= 1001
r= 750
rr= 250
X[r]= 1.88964474679
XX[rr]= 1.88964474679
